============================================================
PAGE 28 — TABLE 1  (accuracy: 98.72, flavor: lattice)
============================================================
|                                                                                                                                                                                                                                                                                                                                                                                                                                                                                                                                                                                                                                                                                                                                                                     | 1   | 2   | 3   | 4   |
| ------------------------------------------------------------------------------------------------------------------------------------------------------------------------------------------------------------------------------------------------------------------------------------------------------------------------------------------------------------------------------------------------------------------------------------------------------------------------------------------------------------------------------------------------------------------------------------------------------------------------------------------------------------------------------------------------------------------------------------------------------------------- | --- | --- | --- | --- |
| 162502 164502 BEAWAR BEAWAR 101 1 1 91.0 -91.0 HZL 180 4.2 6.1 183.0 91.0 -90.0 1 1 -0.6 -6.1 -0.0 91.0 -91.0 180.0 MERTA-II 4.2 6.1 0.0 183.0 91.0 -90.0 -0.6 -6.1 -0.0 0.99 1.00 1 1 218.4 -368.3 220.4 164400 -12.0 MERTA 164420 1 1 -185.7 186.9 -368.3 KOTA HERAPURA -63.6 -19.5 -12.0 1 1 76.2 -155.1 155.9 -9.5 BIKANER (RVPN) -188.7 190.1 38.2 -79.9 -374.2 377.3 1 1 25.5 -31.1 76.2 68.9 -8.6 -9.5 3.0 -3.0 NAGAUR 1 1 -32.5 -31.6 149.8 8.1 -94.8 ANTA 1 1 -13.7 237.9 -292.9 295.8 12.4 RATANGARH -36.1 -30.3 1 1 149.8 8.3 -510.0 264.8 -263.0 4.5 JODHPUR KANKANI 1.00 -24.4 -34.2 RAPS_C4 400.2 -510.0 -478.4 4.5 SHREE CEMENT 98.7 57.7 -57.5 BHADLA (Sultan Nagar) 12.5 -114.3 213.9 1.00 SHREE CEMENT 400.6 -21.9 558.5 JAIPUR_PG 4.7 1.00 398.3 |     |     |     |     |
|                                                                                                                                                                                                                                                                                                                                                                                                                                                                                                                                                                                                                                                                                                                                                                     |     |     |     |     |
|                                                                                                                                                                                                                                                                                                                                                                                                                                                                                                                                                                                                                                                                                                                                                                     |     |     |     |     |
|                                                                                                                                                                                                                                                                                                                                                                                                                                                                                                                                                                                                                                                                                                                                                                     |     |     |     |     |
|                                                                                                                                                                                                                                                                                                                                                                                                                                                                                                                                                                                                                                                                                                                                                                     |     |     |     |     |
|                                                                                                                                                                                                                                                                                                                                                                                                                                                                                                                                                                                                                                                                                                                                                                     |     |     |     |     |
|                                                                                                                                                                                                                                                                                                                                                                                                                                                                                                                                                                                                                                                                                                                                                                     |     |     |     |     |
|                                                                                                                                                                                                                                                                                                                                                                                                                                                                                                                                                                                                                                                                                                                                                                     |     |     |     |     |
|                                                                                                                                                                                                                                                                                                                                                                                                                                                                                                                                                                                                                                                                                                                                                                     |     |     |     |     |
|                                                                                                                                                                                                                                                                                                                                                                                                                                                                                                                                                                                                                                                                                                                                                                     |     |     |     |     |
|                                                                                                                                                                                                                                                                                                                                                                                                                                                                                                                                                                                                                                                                                                                                                                     |     |     |     |     |
|                                                                                                                                                                                                                                                                                                                                                                                                                                                                                                                                                                                                                                                                                                                                                                     |     |     |     |     |
|                                                                                                                                                                                                                                                                                                                                                                                                                                                                                                                                                                                                                                                                                                                                                                     |     |     |     |     |
|                                                                                                                                                                                                                                                                                                                                                                                                                                                                                                                                                                                                                                                                                                                                                                     |     |     |     |     |
|                                                                                                                                                                                                                                                                                                                                                                                                                                                                                                                                                                                                                                                                                                                                                                     |     |     |     |     |
|                                                                                                                                                                                                                                                                                                                                                                                                                                                                                                                                                                                                                                                                                                                                                                     |     |     |     |     |
|                                                                                                                                                                                                                                                                                                                                                                                                                                                                                                                                                                                                                                                                                                                                                                     |     |     |     |     |