============================================================
PAGE 27 — TABLE 1  (accuracy: 98.7, flavor: lattice)
============================================================
|                                                                                                                                                                                                                                                                                                                                                                                                                                                                                                                                                                                                                                                                                                                                                                      | 1   | 2   | 3   | 4   |
| -------------------------------------------------------------------------------------------------------------------------------------------------------------------------------------------------------------------------------------------------------------------------------------------------------------------------------------------------------------------------------------------------------------------------------------------------------------------------------------------------------------------------------------------------------------------------------------------------------------------------------------------------------------------------------------------------------------------------------------------------------------------- | --- | --- | --- | --- |
| 162502 164502 BEAWAR BEAWAR 101 1 1 91.0 -91.0 HZL 180 -4.0 6.1 -610.6 91.0 -90.0 1 1 35.8 -6.1 -0.0 91.0 -91.0 180.0 MERTA-II -4.0 6.1 0.0 -610.6 91.0 -90.0 35.8 -6.1 -0.0 0.99 1.00 1 1 218.0 189.4 220.0 164400 -50.4 MERTA 164420 1 1 -650.0 664.9 189.4 KOTA HERAPURA 58.6 14.0 -50.4 1 1 243.2 156.9 -156.1 5.7 BIKANER (RVPN) 420.8 -414.2 -4.5 8.1 -238.3 239.6 1 1 -8.5 61.2 243.2 -6.0 45.8 5.7 244.8 -244.1 NAGAUR 1 1 24.6 -51.6 112.4 17.7 -49.5 ANTA 1 1 -31.9 178.5 -439.7 446.6 27.8 RATANGARH 5.3 -25.1 1 1 112.4 17.9 -61.3 555.7 -547.5 -30.7 JODHPUR KANKANI 1.00 -42.0 58.3 RAPS_C4 399.5 -61.3 109.3 -30.7 SHREE CEMENT -51.3 446.8 -437.9 BHADLA (Sultan Nagar) 3.7 -9.8 -256.7 0.99 SHREE CEMENT 395.0 29.5 356.5 JAIPUR_PG -8.7 1.00 399.1 |     |     |     |     |
|                                                                                                                                                                                                                                                                                                                                                                                                                                                                                                                                                                                                                                                                                                                                                                      |     |     |     |     |
|                                                                                                                                                                                                                                                                                                                                                                                                                                                                                                                                                                                                                                                                                                                                                                      |     |     |     |     |
|                                                                                                                                                                                                                                                                                                                                                                                                                                                                                                                                                                                                                                                                                                                                                                      |     |     |     |     |
|                                                                                                                                                                                                                                                                                                                                                                                                                                                                                                                                                                                                                                                                                                                                                                      |     |     |     |     |
|                                                                                                                                                                                                                                                                                                                                                                                                                                                                                                                                                                                                                                                                                                                                                                      |     |     |     |     |
|                                                                                                                                                                                                                                                                                                                                                                                                                                                                                                                                                                                                                                                                                                                                                                      |     |     |     |     |
|                                                                                                                                                                                                                                                                                                                                                                                                                                                                                                                                                                                                                                                                                                                                                                      |     |     |     |     |
|                                                                                                                                                                                                                                                                                                                                                                                                                                                                                                                                                                                                                                                                                                                                                                      |     |     |     |     |
|                                                                                                                                                                                                                                                                                                                                                                                                                                                                                                                                                                                                                                                                                                                                                                      |     |     |     |     |
|                                                                                                                                                                                                                                                                                                                                                                                                                                                                                                                                                                                                                                                                                                                                                                      |     |     |     |     |
|                                                                                                                                                                                                                                                                                                                                                                                                                                                                                                                                                                                                                                                                                                                                                                      |     |     |     |     |
|                                                                                                                                                                                                                                                                                                                                                                                                                                                                                                                                                                                                                                                                                                                                                                      |     |     |     |     |
|                                                                                                                                                                                                                                                                                                                                                                                                                                                                                                                                                                                                                                                                                                                                                                      |     |     |     |     |
|                                                                                                                                                                                                                                                                                                                                                                                                                                                                                                                                                                                                                                                                                                                                                                      |     |     |     |     |
|                                                                                                                                                                                                                                                                                                                                                                                                                                                                                                                                                                                                                                                                                                                                                                      |     |     |     |     |
|                                                                                                                                                                                                                                                                                                                                                                                                                                                                                                                                                                                                                                                                                                                                                                      |     |     |     |     |